0 -927.84779902
95 -928.04521055
190 -927.92647832
285 -927.92005835
380 -928.03978481
475 -928.21099782
570 -927.65986444
665 -927.83039363
760 -927.68366899
855 -928.01218324
950 -927.96637258
1045 -927.86116975
1140 -927.99376314
1235 -927.74699001
1330 -927.96934926
1425 -928.01947443
1520 -927.82983564
1615 -927.84097551
1710 -927.90963531
1805 -927.56166242
1900 -928.27971761
1995 -927.83219523
2090 -927.80014083
2185 -927.70543854
2280 -927.78043002
2375 -927.6043492
2470 -927.82723959
2565 -928.12005637
2660 -927.62113461
2755 -928.05901795
2850 -927.73998071
2945 -928.102233
3040 -928.35891633
3135 -927.6919231
3230 -928.00296072
3325 -927.64840366
3420 -928.3630399
3515 -927.65254839
3610 -928.31257253
3705 -927.81141595
3800 -927.91224672
3895 -927.82445666
3990 -927.94330816
4085 -927.97684625
4180 -927.89218881
4275 -927.64688256
4370 -928.02443047
4465 -928.13792254
4560 -927.91022755
4655 -927.95302582
4750 -927.50702965
4845 -928.08463673
4940 -927.97153227
5035 -927.99393615
5130 -927.87625005
5225 -927.93502054
5320 -928.02852309
5415 -927.91067049
5510 -927.67543164
5605 -927.95740604
5700 -927.69279762
5795 -927.72384561
5890 -928.10012698
5985 -927.79089093
6080 -927.92745025
6175 -928.24190881
6270 -927.96697585
6365 -927.86031351
6460 -927.69244915
6555 -927.70720629
6650 -927.66335826
6745 -927.76020917
6840 -927.65819336
6935 -927.66454301
7030 -927.6785176
7125 -927.77445521
7220 -927.74751671
7315 -927.25448672
7410 -927.98612905
7505 -927.52208052
7600 -928.03938741
7695 -927.73100438
7790 -927.69708937
7885 -927.77352848
7980 -927.88155856
8075 -927.76687186
8170 -928.0831632
8265 -928.07419424
8360 -928.22398312
8455 -927.89938041
8550 -927.90702286
8645 -927.77775831
8740 -927.87729828
8835 -928.10664267
8930 -928.18612449
9025 -927.80087805
9120 -927.65627014
9215 -928.25983002
9310 -928.15405846
9405 -928.02624565
9500 -927.74687921
9595 -928.08161774
9690 -927.82498317
9785 -927.87560939
9880 -927.30848189
9975 -927.82601566
10070 -927.7574848
10165 -927.86337237
10260 -927.55754242
10355 -928.03005204
10450 -928.0421838
10545 -928.02294933
10640 -928.05831262
10735 -927.850526
10830 -927.9094135
10925 -927.66177285
11020 -927.76422241
11115 -928.21386981
11210 -927.68137498
11305 -927.8872135
11400 -927.9809373
11495 -927.78778026
11590 -927.86010425
11685 -927.55590186
11780 -927.49038001
11875 -927.97295889
11970 -927.79018894
12065 -928.3847356
12160 -927.86900458
12255 -927.94013174
12350 -928.00422707
12445 -927.96642487
12540 -927.81858785
12635 -928.16998546
12730 -927.97503172
12825 -928.05520183
12920 -928.23676425
13015 -927.86304059
13110 -927.75431973
13205 -927.70885326
13300 -927.88785639
13395 -927.62057557
13490 -928.22401215
13585 -927.85655948
13680 -927.83714511
13775 -927.90698193
13870 -927.9533712
13965 -927.7014444
14060 -927.78504512
14155 -927.62904003
14250 -927.87590006
14345 -927.66794577
14440 -927.49297996
14535 -927.4309591
14630 -928.15600969
14725 -927.83990763
14820 -928.21813748
14915 -927.92058694
15010 -927.73717464
15105 -927.97695634
15200 -928.10142444
15295 -928.12398757
15390 -927.81708999
15485 -928.02638886
15580 -928.31371192
15675 -927.85098745
15770 -927.86640626
15865 -927.79782111
15960 -927.61863295
16055 -927.9623522
16150 -927.83590709
16245 -927.8841438
16340 -927.92564367
16435 -927.53946762
16530 -927.23658056
16625 -928.22920641
16720 -927.70657236
16815 -928.13517525
16910 -928.19009478
17005 -927.74630727
17100 -928.1282298
17195 -927.76530207
17290 -927.69448902
17385 -927.65122129
17480 -928.05171062
17575 -927.93618361
17670 -927.80219236
17765 -927.8391487
17860 -928.04844469
17955 -927.87166479
18050 -927.82155384
18145 -927.9272533
18240 -927.7893921
18335 -927.97812379
18430 -928.098321
18525 -927.57431046
18620 -927.83230236
18715 -927.91690239
18810 -927.75493912
18905 -928.11445604
